0.000000 	 0.009854 	 0.416310 
1.766426 	 3.646023 	 0.913306 
0.922976 	 4.872172 	 5.267503 
4.544334 	 2.331784 	 8.312918 
9.317315 	 5.680596 	 5.560943 
0.508319 	 7.670512 	 0.189148 
2.523598 	 2.981972 	 8.759809 
5.315568 	 9.202609 	 5.154312 
8.104295 	 1.884202 	 8.863145 
5.706140 	 0.767746 	 8.152739 
9.848910 	 1.183517 	 8.939059 
7.844836 	 1.009163 	 2.533106 
0.198417 	 3.783775 	 6.788774 
6.809230 	 7.527067 	 0.062295 
6.244067 	 1.264624 	 6.175498 
7.709282 	 1.865358 	 4.967217 
5.095004 	 3.159390 	 7.017025 
3.672466 	 8.763124 	 3.709947 
5.252524 	 4.278346 	 5.427432 
6.679786 	 1.711418 	 8.307792 
8.619054 	 7.692212 	 0.525795 
9.667296 	 3.342839 	 0.820965 
2.703146 	 0.742624 	 6.762258 
8.101585 	 4.642112 	 5.691851 
5.122030 	 5.865103 	 7.387585 
8.716888 	 5.779673 	 9.647036 
3.335293 	 3.928280 	 1.769277 
1.118690 	 8.526809 	 8.111718 
9.548873 	 9.042832 	 1.389153 
6.861874 	 1.269874 	 0.040902 
0.005028 	 1.929519 	 5.867802 
3.749592 	 0.267859 	 4.647653 
7.853430 	 4.422348 	 2.879039 
8.533529 	 5.259720 	 7.284167 
2.663143 	 7.834840 	 4.680442 
1.969974 	 4.471770 	 7.284398 
9.660930 	 7.568408 	 4.660569 
8.689665 	 1.340393 	 8.460526 
0.180877 	 9.408548 	 6.700821 
7.999715 	 1.432168 	 6.104603 
9.082826 	 7.744147 	 3.660647 
9.442880 	 8.848217 	 4.451711 
1.630284 	 4.248173 	 4.798539 
0.311283 	 6.084302 	 7.922612 
1.824968 	 5.251213 	 8.987589 
3.087899 	 9.426259 	 3.880246 
9.305122 	 9.113842 	 3.377183 
5.328123 	 7.020773 	 9.710107 
7.680852 	 7.519413 	 0.908641 
8.539667 	 1.746445 	 0.197704 
4.190535 	 2.963699 	 3.782325 
4.187164 	 1.384482 	 3.808467 
2.997800 	 0.210121 	 2.388026 
0.371094 	 2.210590 	 5.254345 
4.945252 	 8.825220 	 7.738301 
0.590025 	 1.198014 	 5.478013 
3.419157 	 4.568119 	 5.881217 
5.851499 	 0.699270 	 8.189315 
4.031607 	 5.854830 	 1.911609 
8.922772 	 1.763318 	 2.077036 
1.157479 	 1.589146 	 9.926441 
6.815708 	 8.117961 	 6.422152 
3.293425 	 7.375533 	 8.234827 
7.212610 	 6.579824 	 3.587745 
6.103648 	 4.150036 	 8.149542 
7.739654 	 2.743108 	 0.447420 
6.010412 	 5.140911 	 6.302146 
1.808932 	 2.785009 	 4.524892 
6.429858 	 7.428319 	 4.136553 
6.180522 	 6.182893 	 8.544364 
1.814571 	 3.079280 	 0.233282 
0.091820 	 9.514532 	 9.907548 
2.049400 	 6.040932 	 9.356524 
5.595674 	 5.468662 	 4.391280 
4.497519 	 3.068053 	 2.008139 
2.157995 	 0.498956 	 2.095611 
5.745634 	 9.148202 	 4.156099 
6.541589 	 3.557006 	 5.867025 
3.919456 	 0.338502 	 2.855164 
0.916040 	 4.443845 	 9.259366 
9.212842 	 6.059275 	 8.611460 
0.147172 	 6.867008 	 8.445685 
1.296472 	 0.596560 	 0.130721 
3.911587 	 8.656760 	 0.150574 
9.242885 	 8.867188 	 6.620687 
6.549109 	 0.763399 	 0.929771 
0.032521 	 5.266701 	 7.897563 
6.540187 	 5.458925 	 7.983887 
7.267528 	 2.533147 	 2.552461 
1.383544 	 4.829493 	 4.675867 
1.008759 	 5.042142 	 8.583950 
0.100477 	 8.215705 	 9.643176 
0.194594 	 9.296193 	 0.630804 
0.379622 	 1.902569 	 2.766656 
4.473141 	 6.493818 	 1.511235 
4.871553 	 6.496577 	 5.342798 
3.568024 	 3.941164 	 7.219923 
7.247018 	 3.061410 	 1.065807 
9.107796 	 7.409138 	 2.390577 
6.513438 	 3.684113 	 0.261815 
8.492579 	 0.418161 	 0.561211 
4.260386 	 4.797333 	 5.016945 
9.805266 	 6.075053 	 9.126560 
7.504165 	 7.138129 	 9.711324 
0.292117 	 2.642887 	 0.183105 
0.806761 	 1.546358 	 1.143518 
7.565376 	 9.382488 	 1.288038 
5.926117 	 1.225242 	 5.991780 
0.658728 	 2.560257 	 4.124507 
9.483872 	 3.534954 	 0.169964 
9.734255 	 7.623585 	 8.619748 
4.051303 	 8.678671 	 0.367614 
2.084792 	 4.233334 	 9.848231 
5.643527 	 5.762619 	 4.682228 
4.641598 	 7.611205 	 3.020843 
4.172565 	 0.985240 	 1.368461 
6.981376 	 1.804479 	 8.930770 
7.308788 	 3.022871 	 1.412184 
8.240996 	 4.422028 	 5.901124 
9.776220 	 5.026890 	 8.976594 
7.248084 	 2.612822 	 4.550350 
2.619576 	 9.604886 	 0.169306 
9.404388 	 9.019608 	 0.978709 
5.211225 	 0.847016 	 7.954020 
8.689104 	 0.957817 	 8.802716 
0.060062 	 2.020117 	 4.726391 
6.442311 	 9.339678 	 0.984262 
5.708980 	 5.075830 	 6.594364 
8.929151 	 7.357549 	 6.892502 
8.093387 	 2.404088 	 7.635150 
7.687276 	 5.423604 	 4.810508 
4.143804 	 0.735676 	 5.266976 
5.076225 	 7.515980 	 1.310929 
0.093761 	 7.639735 	 1.011930 
9.652878 	 0.892442 	 1.159202 
8.962738 	 7.452455 	 2.185303 
5.854602 	 2.407929 	 8.844603 
3.960932 	 0.565028 	 9.272161 
4.524203 	 8.707817 	 2.302309 
4.889618 	 5.712543 	 8.528892 
2.183643 	 9.205110 	 0.386261 
4.083901 	 0.538191 	 1.051623 
5.297816 	 5.729540 	 1.144937 
0.425676 	 5.009024 	 7.247493 
4.942308 	 3.460856 	 0.350746 
3.665051 	 9.156007 	 5.049290 
8.617683 	 9.235383 	 0.153471 
2.899615 	 2.393578 	 7.164624 
1.015735 	 7.773778 	 2.446622 
4.316627 	 5.915993 	 5.145160 
7.686353 	 7.215875 	 8.035791 
7.405184 	 5.061796 	 8.183141 
0.592642 	 5.758705 	 8.617476 
5.511739 	 8.286545 	 1.240575 
7.101736 	 0.015720 	 0.317971 
2.913441 	 6.714358 	 3.002365 
4.338375 	 2.732958 	 1.242908 
1.343285 	 1.049426 	 4.160326 
8.205839 	 2.601222 	 1.483297 
0.138782 	 2.212722 	 3.529155 
7.619300 	 4.212026 	 6.866911 
5.266914 	 3.298790 	 1.436444 
3.753581 	 7.446651 	 7.298844 
7.319537 	 1.737602 	 5.566973 
6.855141 	 8.704556 	 5.583930 
3.447390 	 5.356509 	 9.622642 
9.231711 	 7.527150 	 6.869607 
3.361660 	 3.607325 	 7.079079 
6.625543 	 3.974514 	 0.137413 
4.079505 	 6.675120 	 2.194457 
0.888169 	 6.175710 	 0.191816 
2.172419 	 2.060550 	 3.744847 
3.998230 	 2.939484 	 5.242777 
7.921517 	 3.971001 	 7.270586 
6.972822 	 6.319852 	 1.230425 
7.333610 	 1.687062 	 0.281082 
2.164896 	 1.707990 	 1.700830 
5.286458 	 3.128931 	 9.011563 
4.437189 	 0.791526 	 1.369918 
5.352903 	 6.428339 	 8.420875 
9.697532 	 3.404125 	 3.677111 
7.128684 	 0.456469 	 1.247731 
2.582877 	 9.651843 	 8.374924 
6.878510 	 6.887024 	 8.087726 
5.246096 	 5.831773 	 6.839190 
4.602538 	 7.597544 	 2.762833 
3.169283 	 0.659669 	 1.484057 
4.726213 	 2.395838 	 9.447738 
3.305799 	 2.609454 	 1.713485 
8.738765 	 8.638135 	 4.784748 
2.167577 	 7.727724 	 1.027042 
2.077414 	 2.309928 	 1.661734 
2.650198 	 8.044941 	 1.085005 
2.582546 	 8.795619 	 2.152002 
6.650779 	 6.258372 	 7.925255 
3.459514 	 6.304252 	 2.505140 
0.359759 	 8.069965 	 4.050846 
4.384036 	 7.563439 	 7.843411 
4.803349 	 7.158998 	 3.877006 
0.281683 	 4.174929 	 9.008043 
6.123538 	 8.341651 	 7.578225 
6.065875 	 8.614401 	 4.057084 
2.376304 	 5.848044 	 1.052428 
4.904581 	 8.450101 	 7.041264 
1.046511 	 6.929929 	 0.330962 
4.268934 	 7.322936 	 2.751321 
3.357413 	 3.140188 	 2.183907 
6.075510 	 5.794833 	 0.705870 
4.793396 	 1.608799 	 2.929171 
6.573044 	 9.966606 	 0.929660 
0.516261 	 0.224522 	 9.335321 
0.632950 	 7.123044 	 5.561071 
4.121482 	 9.882419 	 4.603605 
6.997643 	 6.871367 	 5.350253 
5.760241 	 5.423244 	 6.009575 
3.717533 	 8.977915 	 2.455597 
4.123920 	 5.701967 	 2.900628 
8.321158 	 2.678694 	 2.619397 
4.933197 	 0.659505 	 1.095388 
2.330014 	 6.175317 	 7.035765 
2.588656 	 8.031919 	 1.281866 
4.049140 	 8.084428 	 1.612660 
4.430307 	 6.909541 	 0.290970 
5.429182 	 5.080577 	 9.133774 
4.388105 	 8.639721 	 8.333582 
6.659986 	 8.721709 	 9.145671 
1.511674 	 0.922657 	 6.748119 
1.311214 	 8.959400 	 3.155060 
0.705783 	 5.814223 	 2.138103 
6.932837 	 3.069990 	 8.049984 
8.787333 	 7.438495 	 5.772759 
8.672743 	 8.454702 	 6.465537 
0.977268 	 6.237988 	 8.039949 
9.302616 	 4.448861 	 1.026128 
9.426352 	 8.508349 	 1.358535 
8.417557 	 6.831845 	 5.528636 
9.816690 	 3.487725 	 7.533554 
2.098974 	 4.223195 	 8.543102 
0.214089 	 2.549092 	 5.323709 
6.275049 	 7.738601 	 6.277291 
7.902719 	 1.125353 	 8.871940 
7.734429 	 8.572433 	 4.797355 
7.740542 	 2.856045 	 2.917239 
1.979394 	 2.970037 	 4.765417 
3.139782 	 4.048086 	 5.904762 
4.156445 	 8.673077 	 0.469354 
0.438109 	 7.625433 	 4.349943 
4.903070 	 5.333045 	 9.583489 
4.564991 	 9.636800 	 3.851537 
4.631358 	 0.364597 	 3.325756 
8.682591 	 9.456862 	 7.027660 
2.406481 	 1.984977 	 8.619105 
6.956280 	 1.693663 	 8.547522 
1.866741 	 0.614069 	 9.182234 
3.103547 	 1.909597 	 2.895115 
9.985599 	 2.483977 	 8.489874 
4.274223 	 4.577497 	 7.104921 
5.003226 	 3.006116 	 3.407103 
0.090024 	 8.279814 	 3.665781 
8.769020 	 2.737003 	 6.085642 
7.643695 	 2.181973 	 1.944122 
3.736212 	 6.548925 	 2.018990 
4.289676 	 4.374949 	 0.581970 
8.700580 	 6.661010 	 3.061556 
1.100963 	 9.279948 	 9.395457 
4.100157 	 2.133936 	 6.991124 
2.841443 	 2.929810 	 6.331891 
5.478505 	 5.872714 	 7.473041 
0.689482 	 9.567842 	 7.272273 
0.819872 	 9.690320 	 1.068000 
0.906413 	 4.400252 	 3.801722 
7.110557 	 9.375979 	 2.907827 
9.419905 	 1.746892 	 0.285232 
3.879873 	 9.453050 	 7.142890 
4.613789 	 3.365455 	 8.259570 
5.858827 	 8.900158 	 7.036312 
9.196773 	 8.901806 	 6.314142 
3.578484 	 0.676589 	 7.921925 
6.258543 	 4.569723 	 7.497136 
2.929078 	 6.228316 	 5.276604 
7.979718 	 6.979033 	 2.378921 
2.030917 	 5.780027 	 5.565642 
9.007607 	 9.858246 	 4.380345 
4.017261 	 0.105695 	 4.779955 
5.458548 	 0.492697 	 4.751537 
7.296674 	 2.352757 	 3.574322 
9.619159 	 0.746424 	 1.512162 
1.738797 	 6.794160 	 1.929937 
7.490397 	 0.830794 	 9.715126 
3.181637 	 7.075020 	 5.160098 
8.975567 	 9.165742 	 1.463122 
6.981579 	 8.289780 	 7.477761 
9.928558 	 8.301251 	 7.788328 
6.673340 	 6.651231 	 2.486479 
1.389168 	 5.826162 	 3.795398 
1.757416 	 9.993641 	 5.988024 
7.565198 	 9.918941 	 6.169127 
0.997007 	 0.896034 	 8.683158 
5.569569 	 5.619837 	 2.255757 
5.563666 	 8.160207 	 5.844427 
7.356748 	 2.931964 	 9.183787 
4.736639 	 1.577207 	 1.657925 
7.343530 	 8.276322 	 9.746649 
0.460466 	 0.775884 	 7.282668 
5.387488 	 9.228041 	 0.717326 
2.375146 	 9.273683 	 3.094344 
7.289305 	 9.997251 	 2.551774 
4.841681 	 1.270228 	 5.115776 
9.983899 	 8.528300 	 3.110617 
4.214357 	 5.962076 	 3.278194 
4.576223 	 4.698842 	 8.685252 
5.520360 	 6.353857 	 0.552168 
4.693490 	 2.113411 	 4.587498 
0.902650 	 7.256612 	 8.641161 
1.770286 	 7.642879 	 2.888485 
3.521922 	 9.625239 	 0.054099 
2.504673 	 2.651777 	 8.768983 
0.906464 	 8.993788 	 3.219047 
8.054776 	 7.228773 	 4.795851 
2.609012 	 4.801241 	 5.038119 
9.570144 	 6.396284 	 0.680288 
6.112622 	 4.317239 	 2.134996 
0.191862 	 4.357672 	 9.053441 
5.748223 	 3.505606 	 2.592452 
3.010149 	 8.938306 	 0.392974 
8.460194 	 0.566365 	 7.245510 
0.181514 	 1.589674 	 0.971701 
3.636706 	 5.591116 	 6.710624 
3.162989 	 5.177619 	 8.196208 
7.911554 	 8.434380 	 5.207031 
5.615880 	 4.041197 	 7.734364 
9.170801 	 6.664487 	 0.966452 
8.310454 	 3.975579 	 0.178489 
2.238992 	 7.211422 	 2.380742 
6.432498 	 0.074316 	 9.727572 
0.962819 	 0.611293 	 5.451932 
6.672175 	 1.866094 	 5.138743 
1.800963 	 9.983824 	 0.609063 
9.484190 	 5.995097 	 5.493412 
9.268185 	 0.858356 	 3.254430 
0.915002 	 2.433189 	 8.741608 
6.705186 	 6.782790 	 2.353848 
8.006487 	 5.603967 	 5.793767 
6.014344 	 5.333736 	 9.069545 
8.985430 	 5.722460 	 8.287970 
0.216981 	 4.569838 	 2.836993 
5.708284 	 2.147119 	 0.779817 
2.034921 	 7.654271 	 5.756540 
8.512318 	 8.002534 	 6.984095 
5.902262 	 3.161029 	 3.491434 
7.465045 	 8.341780 	 0.129699 
4.586113 	 3.145579 	 3.988327 
1.954985 	 6.966597 	 4.350454 
8.445833 	 0.620060 	 3.505149 
9.176935 	 5.246471 	 9.915650 
5.204457 	 8.631725 	 7.590682 
5.043391 	 2.166482 	 4.697780 
0.226138 	 0.027805 	 0.782817 
5.581269 	 5.095572 	 4.909974 
5.871937 	 1.366811 	 8.887196 
0.671210 	 9.175221 	 7.289997 
0.145420 	 8.943171 	 6.987492 
5.087784 	 8.309705 	 8.897685 
2.170694 	 5.458290 	 7.267883 
5.401937 	 8.219129 	 4.882083 
4.715838 	 0.230832 	 3.155440 
7.038433 	 3.942551 	 3.537826 
7.988843 	 5.184818 	 2.399460 
2.118840 	 1.317362 	 5.330129 
7.512981 	 7.513213 	 7.867157 
7.276392 	 3.262403 	 3.454001 
2.703383 	 8.867045 	 4.832041 
3.421899 	 4.293906 	 8.579118 
4.572496 	 4.418278 	 2.241217 
9.231173 	 2.143313 	 8.930239 
9.406920 	 5.628494 	 9.286916 
9.322467 	 2.331347 	 6.793100 
4.586084 	 5.496357 	 8.698651 
7.671371 	 2.825426 	 0.077197 
0.421635 	 0.300158 	 4.408680 
5.127007 	 6.433649 	 3.048274 
2.531623 	 9.467212 	 0.096122 
2.220668 	 4.484699 	 7.196027 
3.285217 	 9.784760 	 1.226293 
1.496096 	 7.641200 	 6.801418 
9.048948 	 5.975377 	 4.487437 
5.146753 	 4.235505 	 0.726783 
8.796508 	 1.906759 	 6.704667 
6.219103 	 0.949169 	 6.307377 
0.067095 	 3.763917 	 8.454522 
8.881597 	 1.700863 	 2.392614 
0.239499 	 5.727887 	 8.512692 
3.807317 	 9.441954 	 6.916827 
8.238382 	 6.954046 	 9.129522 
0.372871 	 6.368476 	 3.551521 
5.197717 	 9.694649 	 9.135568 
4.471474 	 4.463219 	 3.459992 
0.196333 	 2.614555 	 5.156374 
2.452467 	 4.569167 	 1.299180 
4.530583 	 1.087094 	 7.588157 
3.149824 	 0.952578 	 7.027946 
8.803364 	 5.038136 	 8.829052 
3.784586 	 3.249472 	 1.328170 
6.181212 	 0.934124 	 2.829625 
4.070302 	 0.124673 	 4.808597 
3.884660 	 2.972897 	 2.379538 
4.062280 	 8.662289 	 5.083320 
9.062337 	 2.820474 	 6.344514 
8.788720 	 9.141808 	 3.221613 
6.669584 	 5.691615 	 8.224801 
6.490761 	 6.787903 	 8.346342 
6.833460 	 0.398606 	 0.767070 
0.011870 	 9.503097 	 2.520890 
4.712831 	 2.267527 	 6.241127 
5.355270 	 7.560198 	 7.365306 
5.916347 	 6.593390 	 4.628200 
8.901264 	 0.676333 	 6.984309 
4.595017 	 8.156141 	 6.606862 
8.841490 	 9.866066 	 5.189814 
2.544934 	 0.700548 	 9.760769 
6.415063 	 1.636809 	 1.571574 
7.575264 	 1.394136 	 8.200923 
1.071826 	 8.585411 	 5.498490 
1.425618 	 7.177037 	 1.290707 
5.881388 	 2.022447 	 9.878862 
8.674850 	 1.998866 	 4.192695 
8.449636 	 7.638750 	 9.272896 
3.079452 	 9.842428 	 0.868963 
3.048181 	 3.607896 	 1.824564 
6.717493 	 6.909212 	 5.506554 
3.367514 	 4.822198 	 3.886344 
8.002599 	 6.487974 	 1.481907 
4.809554 	 6.751368 	 3.827972 
2.663895 	 5.818030 	 1.957110 
8.730847 	 0.067209 	 7.086144 
6.237645 	 4.151477 	 8.153123 
9.496025 	 0.855544 	 1.450605 
6.399903 	 2.119656 	 0.664255 
3.763444 	 0.315210 	 4.846089 
9.087169 	 3.281983 	 8.674433 
0.710189 	 1.155125 	 0.309897 
9.931817 	 6.887785 	 2.973647 
0.481244 	 2.314394 	 1.888890 
1.781965 	 7.003098 	 4.453717 
6.207685 	 0.214452 	 7.392904 
3.890803 	 1.108545 	 8.600672 
9.920075 	 1.915214 	 3.905811 
8.668161 	 8.095700 	 5.135877 
1.127164 	 3.274017 	 2.133009 
7.251359 	 3.463133 	 8.625194 
2.654625 	 1.669363 	 8.056787 
5.597297 	 3.161788 	 5.053939 
6.167384 	 4.377969 	 6.298427 
9.345411 	 3.770458 	 4.800333 
2.912842 	 1.249430 	 2.486423 
2.857345 	 8.797044 	 2.231546 
1.143473 	 0.368278 	 9.004720 
2.441920 	 9.092807 	 9.379583 
4.331030 	 0.147267 	 0.450772 
9.305385 	 5.179668 	 5.736221 
0.120211 	 3.135983 	 9.225107 
0.418370 	 3.650500 	 8.260015 
6.361853 	 3.741215 	 1.671777 
7.957721 	 6.060544 	 8.044048 
8.254475 	 5.735782 	 2.846621 
9.150672 	 0.602408 	 7.101312 
7.886156 	 0.827389 	 4.019528 
1.732894 	 2.091603 	 0.808627 
2.161523 	 4.325508 	 5.515292 
1.185870 	 3.789362 	 9.595406 
1.629217 	 8.488584 	 6.209688 
7.368337 	 4.226249 	 4.336984 
4.474764 	 7.584187 	 0.731523 
6.750658 	 8.412022 	 4.083380 
3.576139 	 3.345148 	 5.380758 
5.752114 	 1.632150 	 9.187961 
1.063236 	 5.957263 	 5.493304 
5.119539 	 8.872437 	 7.067083 
3.346393 	 3.133373 	 8.013591 
8.505748 	 1.330962 	 7.868555 
2.716943 	 0.410108 	 2.429371 
1.470035 	 9.542031 	 3.133683 
8.144839 	 9.745072 	 4.347269 
7.069903 	 5.373492 	 2.573734 
5.962197 	 0.444474 	 8.100125 
0.457719 	 4.764240 	 1.661998 
6.770267 	 1.612551 	 3.248988 
0.697619 	 2.618151 	 2.476887 
3.826257 	 3.019543 	 5.847885 
6.438967 	 0.037764 	 3.138245 
4.640804 	 6.130213 	 9.272071 
0.534655 	 1.544749 	 9.131851 
2.975273 	 2.260481 	 8.220724 
3.360796 	 8.980075 	 6.673237 
2.890523 	 9.880519 	 6.590811 
5.716880 	 4.537946 	 8.212409 
9.688285 	 6.942894 	 7.140069 
3.350351 	 4.608089 	 5.549000 
7.398700 	 8.209495 	 5.682409 
4.462680 	 2.841971 	 8.929177 
1.932731 	 1.689653 	 9.289688 
9.715755 	 7.805079 	 7.465055 
8.822168 	 5.325943 	 0.427274 
4.275199 	 1.141202 	 2.083632 
6.547546 	 4.554586 	 2.924580 
6.877907 	 7.025017 	 9.206685 
5.095053 	 9.948036 	 2.955828 
4.354550 	 6.274373 	 3.619905 
9.735984 	 9.611476 	 9.778346 
0.371150 	 7.616513 	 3.291739 
9.815917 	 9.678971 	 5.662748 
4.382472 	 1.851720 	 1.711184 
1.083118 	 7.701433 	 9.926254 
4.879873 	 5.270809 	 3.809839 
5.930734 	 4.066455 	 8.762096 
4.178595 	 9.016256 	 2.581893 
8.847655 	 1.470607 	 7.371694 
6.937194 	 9.498322 	 5.158054 
5.205466 	 2.714437 	 4.336619 
1.004380 	 8.868248 	 8.350976 
9.883039 	 5.075506 	 2.392957 
2.738831 	 0.546073 	 6.178760 
2.322687 	 1.113721 	 5.653007 
6.142869 	 8.345358 	 0.835928 
6.111452 	 2.736032 	 2.035965 
6.076682 	 7.457743 	 1.765627 
3.784528 	 5.003913 	 2.527091 
0.912983 	 3.903011 	 9.350904 
0.742497 	 9.936454 	 9.881196 
8.947954 	 9.066752 	 8.238682 
8.004997 	 0.254110 	 8.527770 
8.558558 	 5.047200 	 0.653120 
8.476221 	 3.240393 	 8.757813 
9.440997 	 1.461904 	 9.583799 
4.467792 	 2.354254 	 4.948290 
2.025698 	 7.606061 	 2.146479 
1.681478 	 9.094805 	 7.426813 
1.251245 	 0.079882 	 1.359311 
8.144453 	 9.762348 	 5.734934 
6.016937 	 8.151352 	 8.765418 
8.263052 	 3.815931 	 2.503616 
4.071440 	 7.108079 	 3.015091 
5.638841 	 2.392522 	 0.276031 
2.865896 	 0.854832 	 2.379312 
0.735786 	 9.311972 	 6.728372 
8.280059 	 2.717435 	 8.338263 
2.968352 	 8.512033 	 0.292453 
6.658616 	 4.539345 	 4.541474 
1.366240 	 5.606364 	 1.902503 
4.189644 	 4.024452 	 6.494571 
1.324368 	 5.016974 	 8.552033 
5.053751 	 5.105860 	 7.638409 
6.421018 	 8.454297 	 0.769696 
0.700534 	 8.184538 	 1.903833 
7.482358 	 1.470944 	 1.115736 
7.807977 	 9.825279 	 1.374876 
7.218359 	 0.334440 	 4.299293 
9.841883 	 5.068970 	 2.169072 
4.257857 	 3.131023 	 9.018323 
9.948864 	 9.210712 	 5.677703 
5.302299 	 5.857612 	 5.294338 
8.396246 	 2.342785 	 7.137904 
4.123828 	 2.382877 	 7.239215 
3.677316 	 6.959045 	 3.854025 
9.476669 	 8.642763 	 3.153594 
0.840535 	 8.052049 	 4.546328 
5.007228 	 8.211883 	 8.423034 
9.716575 	 2.490738 	 1.754317 
9.323290 	 9.415442 	 8.718586 
6.157740 	 7.001327 	 4.682709 
1.651056 	 5.419133 	 0.800172 
7.214371 	 6.238343 	 7.042691 
1.202525 	 3.400921 	 9.278897 
5.862048 	 1.054594 	 7.185740 
2.639781 	 6.837861 	 6.215741 
3.177754 	 8.445325 	 3.960530 
1.456149 	 5.898115 	 7.430950 
9.735293 	 6.167888 	 1.995551 
2.211522 	 4.623826 	 7.024251 
2.473533 	 4.839578 	 1.397553 
7.807394 	 5.584780 	 0.120589 
6.414217 	 1.446031 	 6.121642 
5.884087 	 9.308017 	 4.114960 
7.827284 	 0.235962 	 8.088456 
3.829893 	 5.941684 	 5.974885 
6.933586 	 6.138778 	 1.253461 
9.362247 	 5.455683 	 1.610318 
4.135211 	 5.588987 	 7.483809 
5.228576 	 1.984263 	 6.164359 
3.676628 	 7.427704 	 0.266552 
4.422315 	 9.935184 	 3.282335 
1.369294 	 8.043426 	 4.669945 
7.777739 	 6.014699 	 1.347854 
4.686666 	 5.621462 	 4.785178 
2.832982 	 6.645022 	 7.758010 
6.979423 	 3.494197 	 8.722168 
9.674639 	 6.583768 	 0.646588 
2.946621 	 9.335239 	 0.536053 
7.807803 	 0.478123 	 2.777556 
9.017642 	 9.538051 	 0.375246 
0.214754 	 6.477514 	 7.573647 
2.748928 	 4.085166 	 2.120729 
1.028026 	 2.938115 	 6.614509 
0.238847 	 4.542767 	 7.910359 
8.845050 	 0.984806 	 8.005857 
5.589161 	 6.029148 	 6.868582 
4.551517 	 3.500814 	 8.094953 
6.647995 	 8.033065 	 3.932477 
5.415345 	 7.592971 	 0.816200 
7.772505 	 3.224485 	 6.899256 
9.655009 	 0.092159 	 6.137820 
9.813222 	 4.448047 	 4.209492 
2.780448 	 3.703309 	 7.969795 
1.992493 	 9.486164 	 5.682542 
6.157368 	 1.206696 	 8.397195 
4.663264 	 8.408596 	 3.145964 
5.605781 	 4.028901 	 6.602005 
8.113832 	 7.797880 	 6.963657 
4.449128 	 2.712579 	 4.281990 
5.321090 	 5.384057 	 1.670432 
5.439425 	 3.574461 	 5.814093 
1.072504 	 8.174501 	 9.619804 
0.310166 	 7.492898 	 5.563452 
3.147051 	 8.598998 	 4.445033 
7.820210 	 3.012072 	 9.204505 
9.721828 	 8.167428 	 6.995976 
7.728816 	 3.190433 	 3.005431 
8.896548 	 6.299898 	 8.197577 
5.724670 	 8.835800 	 5.160534 
2.347207 	 6.954428 	 6.668795 
4.031367 	 6.604289 	 7.358858 
5.530126 	 4.328749 	 9.685849 
8.189261 	 1.849819 	 8.917709 
6.907449 	 7.618126 	 0.010374 
2.473983 	 6.101168 	 9.886719 
8.507795 	 7.140534 	 5.107192 
8.995767 	 0.734699 	 7.698537 
5.518785 	 8.091252 	 6.942011 
1.416540 	 0.839432 	 0.909040 
5.582885 	 6.862232 	 6.657406 
8.238601 	 7.029747 	 5.807605 
8.679132 	 2.974521 	 1.920910 
3.760478 	 6.967023 	 4.102924 
0.380917 	 9.224624 	 2.134759 
7.107881 	 8.719274 	 4.419717 
9.854154 	 4.501031 	 2.501951 
1.554837 	 2.270294 	 1.227951 
1.072081 	 7.800307 	 9.908812 
0.870439 	 9.539537 	 8.578728 
1.650884 	 7.159368 	 2.239249 
5.714548 	 7.263871 	 3.183747 
2.856479 	 3.141388 	 0.880513 
6.705044 	 3.422109 	 5.347604 
1.446016 	 2.569978 	 8.686069 
0.404592 	 9.384838 	 2.799184 
6.883054 	 1.411642 	 7.118481 
6.484260 	 9.418024 	 4.429643 
4.289578 	 7.153492 	 3.732790 
2.668622 	 8.969311 	 6.300429 
7.688143 	 1.827362 	 1.254633 
1.873691 	 3.734114 	 9.324701 
0.664883 	 7.796814 	 4.375535 
5.760466 	 8.946366 	 0.150411 
0.809060 	 3.629356 	 3.266930 
2.163697 	 6.855357 	 0.194849 
4.465249 	 0.317973 	 4.586628 
5.904831 	 1.802349 	 8.881620 
4.411675 	 9.970168 	 0.493333 
8.326536 	 5.291204 	 2.186669 
4.778573 	 2.102941 	 3.584186 
6.996415 	 6.185783 	 5.987524 
6.547173 	 7.673615 	 0.353318 
9.014690 	 7.404190 	 6.682013 
2.902959 	 6.229222 	 8.263115 
2.265271 	 4.596004 	 2.069073 
8.969322 	 1.560300 	 2.764322 
2.038872 	 9.659374 	 0.608467 
1.819201 	 6.938560 	 1.613233 
1.005072 	 2.702682 	 2.769536 
0.715654 	 9.278385 	 4.311931 
4.585803 	 5.045498 	 6.912210 
9.207086 	 0.054483 	 8.840722 
7.988053 	 8.972711 	 8.934244 
9.268718 	 5.273238 	 9.264903 
5.698779 	 6.404168 	 0.049897 
1.318695 	 1.283561 	 5.823883 
2.677962 	 1.148432 	 5.607225 
3.920563 	 9.705628 	 3.138322 
8.834707 	 8.971752 	 4.957216 
4.638618 	 7.059739 	 3.139245 
0.395813 	 8.658375 	 7.472608 
7.787080 	 2.413018 	 4.038249 
1.459730 	 4.068373 	 8.558061 
5.512386 	 8.300181 	 3.824231 
2.382301 	 8.899230 	 1.057977 
0.049751 	 2.122820 	 1.025821 
3.325635 	 8.006814 	 5.241707 
6.773339 	 6.093948 	 5.401337 
1.518391 	 1.374499 	 8.175634 
4.700629 	 4.384746 	 9.493119 
8.298488 	 0.857227 	 3.701788 
1.026229 	 8.740179 	 0.548360 
4.188956 	 9.499312 	 7.766222 
3.060315 	 6.499721 	 2.541651 
4.250707 	 0.576079 	 2.539551 
5.553527 	 2.833009 	 5.700692 
1.373996 	 2.288773 	 1.451158 
4.325779 	 6.087329 	 7.809593 
6.783182 	 1.543261 	 7.618241 
5.916746 	 3.242426 	 0.324781 
7.092474 	 0.664309 	 0.963331 
6.550933 	 9.947925 	 8.537891 
0.463840 	 8.072017 	 0.442208 
8.068074 	 1.193778 	 9.585142 
4.463227 	 8.483046 	 7.321008 
2.902810 	 8.229069 	 0.048138 
3.245884 	 3.753331 	 5.044398 
0.223779 	 9.377563 	 0.587939 
7.137910 	 1.081995 	 3.592765 
8.373434 	 3.381798 	 1.596087 
7.999069 	 5.329391 	 0.813586 
0.655692 	 3.642946 	 3.738283 
1.047919 	 2.813633 	 6.670509 
6.934359 	 5.367556 	 3.851596 
9.230951 	 4.388247 	 1.286260 
9.924664 	 2.704544 	 0.380691 
1.230523 	 5.132425 	 2.265759 
0.438305 	 1.521977 	 3.345243 
2.515853 	 3.731114 	 8.669514 
1.623128 	 8.127518 	 0.656155 
4.991852 	 2.892407 	 9.857646 
8.410210 	 7.461654 	 3.139445 
0.654879 	 5.450842 	 1.346169 
4.344461 	 4.199595 	 9.227273 
3.453217 	 4.971757 	 6.379728 
2.706773 	 1.592684 	 8.971536 
0.772150 	 0.209802 	 6.031345 
6.005095 	 1.043079 	 4.485890 
2.332931 	 6.708135 	 4.710398 
6.306511 	 0.897179 	 9.140948 
4.365339 	 8.021166 	 7.883716 
5.680359 	 9.201348 	 0.325429 
1.952964 	 3.183774 	 3.546092 
0.137451 	 6.581697 	 5.654048 
1.571715 	 9.091735 	 4.602005 
5.364876 	 2.033023 	 0.261132 
9.336552 	 0.636059 	 1.848955 
2.741675 	 0.309208 	 1.498582 
7.726538 	 3.517912 	 4.328294 
6.339450 	 5.486564 	 6.313013 
8.881232 	 6.400434 	 3.976114 
2.068442 	 1.636889 	 1.514341 
5.665300 	 3.349105 	 0.599150 
0.644332 	 7.476324 	 9.794408 
5.547394 	 8.249719 	 0.865216 
7.102872 	 5.072792 	 0.995396 
9.484995 	 2.723080 	 0.291424 
5.267511 	 0.249108 	 6.108516 
7.484824 	 0.927505 	 0.662842 
5.166209 	 7.065828 	 9.958732 
2.806143 	 7.383029 	 5.753913 
4.519305 	 5.273434 	 9.449556 
6.312028 	 9.452530 	 6.175187 
2.326157 	 4.070155 	 1.719702 
7.484268 	 5.322226 	 9.444573 
8.362502 	 7.600518 	 7.506607 
9.242290 	 5.483633 	 1.074179 
3.660361 	 8.485003 	 1.020619 
2.568323 	 4.953969 	 6.345053 
1.601170 	 3.979290 	 7.917668 
0.387236 	 8.987648 	 6.330594 
4.319916 	 9.266307 	 0.177798 
0.799135 	 5.925601 	 5.233238 
0.419978 	 9.743712 	 2.328918 
9.927485 	 3.670937 	 9.636556 
4.108941 	 3.932832 	 6.476244 
3.632260 	 3.307846 	 7.187146 
0.147580 	 4.459422 	 5.957909 
1.579071 	 1.363178 	 5.234231 
8.265462 	 2.736320 	 2.000153 
0.549172 	 6.685819 	 7.190682 
6.848640 	 6.192102 	 8.986945 
6.655594 	 9.742508 	 8.540638 
6.401669 	 9.215671 	 9.110778 
4.024853 	 7.915254 	 9.727791 
7.705169 	 2.059558 	 4.839988 
8.875236 	 5.645785 	 8.049267 
4.210239 	 3.086343 	 3.458783 
5.028635 	 1.715617 	 0.194752 
2.622755 	 6.314545 	 1.308096 
8.328351 	 5.616935 	 7.339967 
8.108989 	 6.398629 	 8.552633 
2.272451 	 1.547851 	 2.832615 
5.304291 	 1.781112 	 5.937906 
7.238439 	 8.429281 	 8.625929 
8.988246 	 5.696761 	 5.023275 
0.853994 	 4.534644 	 0.778803 
3.604197 	 1.082324 	 2.407502 
9.443917 	 4.912275 	 9.440359 
5.622661 	 6.183079 	 6.572435 
6.583043 	 6.660114 	 1.448216 
0.460599 	 8.144369 	 0.575024 
1.120979 	 6.575799 	 8.989700 
2.058928 	 6.889737 	 7.630229 
2.582441 	 6.737118 	 8.562839 
1.470387 	 0.177497 	 8.257430 
1.973315 	 1.031612 	 5.892362 
2.809020 	 2.930313 	 3.659088 
6.019767 	 1.226300 	 2.131991 
8.310569 	 5.298147 	 6.808393 
4.840873 	 3.055642 	 4.843356 
9.349923 	 4.984691 	 9.225595 
8.694109 	 3.972570 	 7.013540 
8.025393 	 0.592685 	 7.412696 
1.929047 	 1.029656 	 3.901014 
6.108944 	 1.295891 	 6.038888 
4.161041 	 5.301603 	 5.424123 
2.717804 	 1.499167 	 8.365630 
8.227419 	 9.377961 	 4.130878 
1.620691 	 1.254114 	 9.461720 
1.957744 	 4.169797 	 6.071939 
7.650016 	 2.510575 	 1.094679 
6.362923 	 5.124563 	 9.156608 
4.168916 	 5.831793 	 8.094651 
1.963316 	 8.633129 	 3.210844 
5.134255 	 5.336313 	 0.410591 
2.399189 	 6.707882 	 8.494484 
2.233193 	 1.028431 	 4.190605 
7.013978 	 2.709516 	 9.705077 
8.062646 	 7.597106 	 1.518136 
2.828916 	 3.291447 	 7.467099 
0.175504 	 9.493573 	 9.370358 
2.450663 	 8.640435 	 4.589416 
8.385223 	 9.014421 	 7.214402 
9.179980 	 4.806743 	 9.926709 
3.522442 	 9.622456 	 8.592201 
7.512331 	 9.964130 	 4.143059 
9.416247 	 3.875515 	 5.964185 
6.833200 	 5.383811 	 2.237285 
6.090933 	 3.757287 	 8.012783 
5.451088 	 3.017069 	 6.294076 
5.369315 	 6.639176 	 8.146366 
8.488380 	 3.410629 	 7.077689 
1.203858 	 9.367326 	 8.411322 
9.327518 	 8.273388 	 7.455496 
0.047792 	 0.069107 	 9.659448 
3.467359 	 9.676385 	 0.091783 
9.950359 	 2.006041 	 3.605175 
5.882717 	 2.073616 	 3.478560 
8.924246 	 2.759177 	 0.674604 
1.054144 	 4.578378 	 7.523488 
2.436032 	 2.830601 	 2.848983 
5.257580 	 8.012605 	 8.201405 
3.925024 	 0.708867 	 2.015495 
7.282071 	 6.607644 	 7.378353 
0.281785 	 8.988605 	 1.888964 
4.063633 	 2.749465 	 3.574615 
8.806686 	 8.423150 	 2.279222 
9.019671 	 6.893767 	 3.834522 
5.276629 	 3.293569 	 0.163804 
0.170825 	 5.935528 	 0.154209 
0.001413 	 1.397647 	 8.214367 
9.507420 	 9.822512 	 5.414999 
5.547509 	 2.482574 	 1.848097 
1.177409 	 8.964616 	 0.057245 
4.869092 	 8.699764 	 7.331150 
4.377457 	 3.197604 	 2.503840 
5.325800 	 6.728619 	 7.986316 
3.820516 	 3.436796 	 1.558584 
7.293702 	 1.405968 	 1.495096 
3.962294 	 5.375554 	 2.158785 
1.281358 	 8.812181 	 2.046526 
7.372051 	 1.664479 	 4.246286 
2.088736 	 6.984456 	 0.077705 
4.774458 	 2.753952 	 5.703196 
9.345610 	 9.880858 	 4.733820 
1.485676 	 7.779343 	 1.018424 
1.537450 	 8.245087 	 0.802785 
2.419164 	 2.152218 	 2.476234 
3.308838 	 1.575925 	 7.962950 
4.003268 	 6.529789 	 1.760198 
3.113907 	 7.482106 	 0.901342 
7.981891 	 6.420746 	 6.430602 
5.575653 	 6.606998 	 6.335702 
0.223374 	 5.669983 	 7.945335 
9.754500 	 6.021249 	 3.705946 
6.801881 	 2.200432 	 8.384621 
2.087747 	 2.831747 	 5.357900 
5.253716 	 7.880380 	 5.911809 
7.439535 	 8.006392 	 9.980892 
0.284076 	 9.498566 	 7.896204 
6.334129 	 9.360844 	 3.738851 
0.832256 	 5.841815 	 3.514605 
7.982298 	 6.220706 	 5.669438 
9.392924 	 8.737157 	 4.510453 
0.794687 	 8.067575 	 6.436775 
7.768030 	 3.795699 	 3.197095 
3.209246 	 0.676063 	 0.385045 
0.182496 	 1.472344 	 7.964052 
0.300336 	 4.638570 	 1.360137 
2.629099 	 5.514967 	 8.280691 
4.768534 	 6.108315 	 3.889491 
3.212905 	 2.104243 	 2.575863 
8.308274 	 0.552641 	 5.738463 
0.039181 	 9.906598 	 6.076850 
7.963114 	 8.215363 	 1.465672 
7.141328 	 4.839314 	 9.125538 
9.618633 	 0.308273 	 4.787619 
9.829551 	 4.757572 	 4.996841 
8.825562 	 6.143204 	 6.953927 
2.908914 	 9.895209 	 1.975583 
7.702767 	 7.120049 	 1.282677 
6.064917 	 7.682069 	 5.487498 
8.410162 	 8.380255 	 3.193990 
5.618292 	 6.632508 	 3.825961 
0.645610 	 9.047129 	 7.604471 
4.701238 	 2.856816 	 9.763541 
3.467596 	 3.723231 	 0.584856 
1.849657 	 6.859335 	 1.446663 
1.266215 	 6.073637 	 3.550179 
0.263689 	 7.341231 	 9.941073 
6.501910 	 8.534094 	 2.795492 
7.329715 	 6.102634 	 3.998916 
6.781307 	 5.595813 	 2.219331 
3.721832 	 1.835209 	 1.398074 
3.119670 	 6.165627 	 4.652745 
3.674154 	 3.011698 	 9.460002 
4.395104 	 8.742268 	 0.348552 
2.797751 	 5.765024 	 9.685752 
9.718051 	 6.585786 	 6.689886 
9.591322 	 0.312186 	 2.383862 
7.381991 	 6.213670 	 8.034080 
8.726633 	 4.210193 	 7.872514 
8.290893 	 1.114451 	 7.519895 
6.277074 	 4.637597 	 8.277232 
2.992892 	 9.222273 	 9.532214 
6.296744 	 5.963695 	 3.197132 
7.547577 	 3.380488 	 3.330262 
4.656302 	 6.124125 	 1.610470 
8.246119 	 6.579439 	 2.164814 
5.469684 	 4.995550 	 9.810124 
4.945520 	 7.536163 	 0.578025 
3.137647 	 2.577023 	 8.618477 
2.212701 	 2.053821 	 3.898885 
6.508338 	 6.775317 	 9.256797 
3.658473 	 5.197324 	 6.061033 
4.239816 	 2.233540 	 5.129016 
6.596772 	 9.431182 	 3.254018 
7.149384 	 1.780968 	 4.360123 
2.183904 	 5.122838 	 8.588787 
1.010391 	 5.309631 	 8.575903 
8.534825 	 4.969584 	 3.375715 
0.623171 	 9.527203 	 1.048522 
4.196347 	 3.260534 	 9.577104 
4.874159 	 8.494156 	 1.849331 
6.852977 	 5.475370 	 7.671748 
0.264003 	 1.501537 	 8.288443 
8.561362 	 4.268241 	 0.117663 
4.294734 	 0.932928 	 1.784978 
2.257612 	 3.434152 	 8.836817 
7.929555 	 2.386232 	 9.063807 
7.037111 	 0.109967 	 8.967134 
3.381394 	 1.832604 	 3.821476 
2.788985 	 0.518945 	 9.600865 
4.664495 	 8.221802 	 6.827114 
2.226578 	 2.815195 	 6.970874 
4.886941 	 2.136148 	 5.929804 
3.505650 	 5.460205 	 9.559952 
8.049094 	 3.055756 	 7.157252 
4.641145 	 0.303732 	 6.661628 
7.580320 	 8.521880 	 3.449548 
6.924683 	 8.389460 	 2.136161 
8.861402 	 2.909426 	 4.717536 
3.352090 	 9.493360 	 2.101529 
1.991574 	 1.719564 	 3.410807 
1.822111 	 9.142557 	 2.433641 
2.287591 	 6.345845 	 0.828620 
4.416076 	 5.240327 	 9.881968 
5.362260 	 1.501428 	 3.575715 
9.172017 	 3.007259 	 5.599433 
5.519653 	 3.761384 	 7.962949 
9.058020 	 7.374762 	 1.945413 
9.231049 	 3.093748 	 1.442564 
7.312458 	 1.493751 	 5.566979 
3.606292 	 4.950350 	 8.732259 
5.192627 	 8.889459 	 9.399441 
5.475184 	 8.784801 	 0.304773 
3.881371 	 3.959992 	 1.782397 
0.639471 	 4.170995 	 9.072995 
1.196133 	 3.770103 	 1.578442 
6.440682 	 0.515544 	 8.976483 
0.144638 	 5.494946 	 1.932949 
0.376762 	 9.508329 	 7.525876 
6.552728 	 2.910285 	 9.563636 
5.748302 	 4.786879 	 4.660234 
7.488549 	 8.103541 	 8.776529 
3.173576 	 4.887023 	 5.038366 
5.964890 	 5.772099 	 9.456946 
0.772946 	 7.577303 	 2.657485 
4.986270 	 2.793451 	 0.092051 
